2022/11/05-15:22:58.935026 b8c0 RocksDB version: 7.7.3
2022/11/05-15:22:58.935083 b8c0 Git sha eb9a80fe1f18017b4d7f4084e8f2554f12234822
2022/11/05-15:22:58.935093 b8c0 Compile date 2022-10-11 12:18:26
2022/11/05-15:22:58.935098 b8c0 DB SUMMARY
2022/11/05-15:22:58.935103 b8c0 DB Session ID:  ERAL1TTG95JBKD1J21B9
2022/11/05-15:22:58.935397 b8c0 CURRENT file:  CURRENT
2022/11/05-15:22:58.935403 b8c0 IDENTITY file:  IDENTITY
2022/11/05-15:22:58.935428 b8c0 MANIFEST file:  MANIFEST-000005 size: 329 Bytes
2022/11/05-15:22:58.935433 b8c0 SST files in ./gamedb/ dir, Total Num: 1, files: 000013.sst 
2022/11/05-15:22:58.935440 b8c0 Write Ahead Log file in ./gamedb/: 000012.log size: 0 ; 
2022/11/05-15:22:58.935445 b8c0                         Options.error_if_exists: 0
2022/11/05-15:22:58.935622 b8c0                       Options.create_if_missing: 1
2022/11/05-15:22:58.935625 b8c0                         Options.paranoid_checks: 1
2022/11/05-15:22:58.935628 b8c0             Options.flush_verify_memtable_count: 1
2022/11/05-15:22:58.935630 b8c0                               Options.track_and_verify_wals_in_manifest: 0
2022/11/05-15:22:58.935632 b8c0        Options.verify_sst_unique_id_in_manifest: 1
2022/11/05-15:22:58.935635 b8c0                                     Options.env: 00000262F039AA80
2022/11/05-15:22:58.935637 b8c0                                      Options.fs: WinFS
2022/11/05-15:22:58.935640 b8c0                                Options.info_log: 00000262F0B05CE0
2022/11/05-15:22:58.935642 b8c0                Options.max_file_opening_threads: 16
2022/11/05-15:22:58.935644 b8c0                              Options.statistics: 0000000000000000
2022/11/05-15:22:58.935646 b8c0                               Options.use_fsync: 0
2022/11/05-15:22:58.935649 b8c0                       Options.max_log_file_size: 0
2022/11/05-15:22:58.935651 b8c0                  Options.max_manifest_file_size: 1073741824
2022/11/05-15:22:58.935653 b8c0                   Options.log_file_time_to_roll: 0
2022/11/05-15:22:58.935656 b8c0                       Options.keep_log_file_num: 1000
2022/11/05-15:22:58.935658 b8c0                    Options.recycle_log_file_num: 0
2022/11/05-15:22:58.935660 b8c0                         Options.allow_fallocate: 1
2022/11/05-15:22:58.935662 b8c0                        Options.allow_mmap_reads: 0
2022/11/05-15:22:58.935665 b8c0                       Options.allow_mmap_writes: 0
2022/11/05-15:22:58.935667 b8c0                        Options.use_direct_reads: 0
2022/11/05-15:22:58.935669 b8c0                        Options.use_direct_io_for_flush_and_compaction: 0
2022/11/05-15:22:58.935672 b8c0          Options.create_missing_column_families: 1
2022/11/05-15:22:58.935674 b8c0                              Options.db_log_dir: 
2022/11/05-15:22:58.935676 b8c0                                 Options.wal_dir: 
2022/11/05-15:22:58.935678 b8c0                Options.table_cache_numshardbits: 6
2022/11/05-15:22:58.935681 b8c0                         Options.WAL_ttl_seconds: 0
2022/11/05-15:22:58.935683 b8c0                       Options.WAL_size_limit_MB: 0
2022/11/05-15:22:58.935685 b8c0                        Options.max_write_batch_group_size_bytes: 1048576
2022/11/05-15:22:58.935688 b8c0             Options.manifest_preallocation_size: 4194304
2022/11/05-15:22:58.935690 b8c0                     Options.is_fd_close_on_exec: 1
2022/11/05-15:22:58.935692 b8c0                   Options.advise_random_on_open: 1
2022/11/05-15:22:58.935694 b8c0                    Options.db_write_buffer_size: 0
2022/11/05-15:22:58.935697 b8c0                    Options.write_buffer_manager: 00000262F039C1F0
2022/11/05-15:22:58.935699 b8c0         Options.access_hint_on_compaction_start: 1
2022/11/05-15:22:58.935701 b8c0           Options.random_access_max_buffer_size: 1048576
2022/11/05-15:22:58.935703 b8c0                      Options.use_adaptive_mutex: 0
2022/11/05-15:22:58.935706 b8c0                            Options.rate_limiter: 0000000000000000
2022/11/05-15:22:58.935708 b8c0     Options.sst_file_manager.rate_bytes_per_sec: 0
2022/11/05-15:22:58.935711 b8c0                       Options.wal_recovery_mode: 2
2022/11/05-15:22:58.935728 b8c0                  Options.enable_thread_tracking: 0
2022/11/05-15:22:58.935732 b8c0                  Options.enable_pipelined_write: 0
2022/11/05-15:22:58.935734 b8c0                  Options.unordered_write: 0
2022/11/05-15:22:58.935736 b8c0         Options.allow_concurrent_memtable_write: 1
2022/11/05-15:22:58.935739 b8c0      Options.enable_write_thread_adaptive_yield: 1
2022/11/05-15:22:58.935741 b8c0             Options.write_thread_max_yield_usec: 100
2022/11/05-15:22:58.935743 b8c0            Options.write_thread_slow_yield_usec: 3
2022/11/05-15:22:58.935745 b8c0                               Options.row_cache: None
2022/11/05-15:22:58.935748 b8c0                              Options.wal_filter: None
2022/11/05-15:22:58.935750 b8c0             Options.avoid_flush_during_recovery: 0
2022/11/05-15:22:58.935752 b8c0             Options.allow_ingest_behind: 0
2022/11/05-15:22:58.935754 b8c0             Options.two_write_queues: 0
2022/11/05-15:22:58.935756 b8c0             Options.manual_wal_flush: 0
2022/11/05-15:22:58.935759 b8c0             Options.wal_compression: 0
2022/11/05-15:22:58.935761 b8c0             Options.atomic_flush: 0
2022/11/05-15:22:58.935763 b8c0             Options.avoid_unnecessary_blocking_io: 0
2022/11/05-15:22:58.935765 b8c0                 Options.persist_stats_to_disk: 0
2022/11/05-15:22:58.935767 b8c0                 Options.write_dbid_to_manifest: 0
2022/11/05-15:22:58.935769 b8c0                 Options.log_readahead_size: 0
2022/11/05-15:22:58.935772 b8c0                 Options.file_checksum_gen_factory: Unknown
2022/11/05-15:22:58.935774 b8c0                 Options.best_efforts_recovery: 0
2022/11/05-15:22:58.935776 b8c0                Options.max_bgerror_resume_count: 2147483647
2022/11/05-15:22:58.935778 b8c0            Options.bgerror_resume_retry_interval: 1000000
2022/11/05-15:22:58.935781 b8c0             Options.allow_data_in_errors: 0
2022/11/05-15:22:58.935783 b8c0             Options.db_host_id: __hostname__
2022/11/05-15:22:58.935785 b8c0             Options.enforce_single_del_contracts: true
2022/11/05-15:22:58.935787 b8c0             Options.max_background_jobs: 2
2022/11/05-15:22:58.935790 b8c0             Options.max_background_compactions: -1
2022/11/05-15:22:58.935792 b8c0             Options.max_subcompactions: 1
2022/11/05-15:22:58.935794 b8c0             Options.avoid_flush_during_shutdown: 0
2022/11/05-15:22:58.935796 b8c0           Options.writable_file_max_buffer_size: 1048576
2022/11/05-15:22:58.935799 b8c0             Options.delayed_write_rate : 16777216
2022/11/05-15:22:58.935801 b8c0             Options.max_total_wal_size: 0
2022/11/05-15:22:58.935803 b8c0             Options.delete_obsolete_files_period_micros: 21600000000
2022/11/05-15:22:58.935805 b8c0                   Options.stats_dump_period_sec: 600
2022/11/05-15:22:58.935808 b8c0                 Options.stats_persist_period_sec: 600
2022/11/05-15:22:58.935810 b8c0                 Options.stats_history_buffer_size: 1048576
2022/11/05-15:22:58.935812 b8c0                          Options.max_open_files: -1
2022/11/05-15:22:58.935815 b8c0                          Options.bytes_per_sync: 0
2022/11/05-15:22:58.935817 b8c0                      Options.wal_bytes_per_sync: 0
2022/11/05-15:22:58.935819 b8c0                   Options.strict_bytes_per_sync: 0
2022/11/05-15:22:58.935821 b8c0       Options.compaction_readahead_size: 0
2022/11/05-15:22:58.935824 b8c0                  Options.max_background_flushes: -1
2022/11/05-15:22:58.935826 b8c0 Compression algorithms supported:
2022/11/05-15:22:58.935831 b8c0 	kZSTD supported: 1
2022/11/05-15:22:58.935833 b8c0 	kSnappyCompression supported: 1
2022/11/05-15:22:58.935835 b8c0 	kBZip2Compression supported: 0
2022/11/05-15:22:58.935837 b8c0 	kZlibCompression supported: 1
2022/11/05-15:22:58.935839 b8c0 	kLZ4Compression supported: 1
2022/11/05-15:22:58.935841 b8c0 	kXpressCompression supported: 0
2022/11/05-15:22:58.935843 b8c0 	kLZ4HCCompression supported: 1
2022/11/05-15:22:58.935854 b8c0 	kZSTDNotFinalCompression supported: 1
2022/11/05-15:22:58.935857 b8c0 Fast CRC32 supported: Not supported on x86
2022/11/05-15:22:58.935859 b8c0 DMutex implementation: std::mutex
2022/11/05-15:22:58.936200 b8c0 [db\version_set.cc:5531] Recovering from manifest file: ./gamedb/MANIFEST-000005
2022/11/05-15:22:58.936316 b8c0 [db\column_family.cc:633] --------------- Options for column family [default]:
2022/11/05-15:22:58.936320 b8c0               Options.comparator: leveldb.BytewiseComparator
2022/11/05-15:22:58.936322 b8c0           Options.merge_operator: None
2022/11/05-15:22:58.936324 b8c0        Options.compaction_filter: None
2022/11/05-15:22:58.936326 b8c0        Options.compaction_filter_factory: None
2022/11/05-15:22:58.936329 b8c0  Options.sst_partitioner_factory: None
2022/11/05-15:22:58.936331 b8c0         Options.memtable_factory: SkipListFactory
2022/11/05-15:22:58.936333 b8c0            Options.table_factory: BlockBasedTable
2022/11/05-15:22:58.936368 b8c0            table_factory options:   flush_block_policy_factory: FlushBlockBySizePolicyFactory (00000262F2A1F340)
  cache_index_and_filter_blocks: 0
  cache_index_and_filter_blocks_with_high_priority: 1
  pin_l0_filter_and_index_blocks_in_cache: 0
  pin_top_level_index_and_filter: 1
  index_type: 0
  data_block_index_type: 0
  index_shortening: 1
  data_block_hash_table_util_ratio: 0.750000
  checksum: 1
  no_block_cache: 0
  block_cache: 00000262F0B81960
  block_cache_name: LRUCache
  block_cache_options:
    capacity : 8388608
    num_shard_bits : 4
    strict_capacity_limit : 0
    memory_allocator : None
    high_pri_pool_ratio: 0.000
    low_pri_pool_ratio: 0.000
  block_cache_compressed: 0000000000000000
  persistent_cache: 0000000000000000
  block_size: 4096
  block_size_deviation: 10
  block_restart_interval: 16
  index_block_restart_interval: 1
  metadata_block_size: 4096
  partition_filters: 0
  use_delta_encoding: 1
  filter_policy: nullptr
  whole_key_filtering: 1
  verify_compression: 0
  read_amp_bytes_per_bit: 0
  format_version: 5
  enable_index_compression: 1
  block_align: 0
  max_auto_readahead_size: 262144
  prepopulate_block_cache: 0
  initial_auto_readahead_size: 8192
  num_file_reads_for_auto_readahead: 2
2022/11/05-15:22:58.936370 b8c0        Options.write_buffer_size: 67108864
2022/11/05-15:22:58.936373 b8c0  Options.max_write_buffer_number: 2
2022/11/05-15:22:58.936375 b8c0          Options.compression: Snappy
2022/11/05-15:22:58.936377 b8c0                  Options.bottommost_compression: Disabled
2022/11/05-15:22:58.936379 b8c0       Options.prefix_extractor: nullptr
2022/11/05-15:22:58.936381 b8c0   Options.memtable_insert_with_hint_prefix_extractor: nullptr
2022/11/05-15:22:58.936384 b8c0             Options.num_levels: 7
2022/11/05-15:22:58.936387 b8c0        Options.min_write_buffer_number_to_merge: 1
2022/11/05-15:22:58.936389 b8c0     Options.max_write_buffer_number_to_maintain: 0
2022/11/05-15:22:58.936391 b8c0     Options.max_write_buffer_size_to_maintain: 0
2022/11/05-15:22:58.936394 b8c0            Options.bottommost_compression_opts.window_bits: -14
2022/11/05-15:22:58.936396 b8c0                  Options.bottommost_compression_opts.level: 32767
2022/11/05-15:22:58.936398 b8c0               Options.bottommost_compression_opts.strategy: 0
2022/11/05-15:22:58.936401 b8c0         Options.bottommost_compression_opts.max_dict_bytes: 0
2022/11/05-15:22:58.936403 b8c0         Options.bottommost_compression_opts.zstd_max_train_bytes: 0
2022/11/05-15:22:58.936405 b8c0         Options.bottommost_compression_opts.parallel_threads: 1
2022/11/05-15:22:58.936408 b8c0                  Options.bottommost_compression_opts.enabled: false
2022/11/05-15:22:58.936410 b8c0         Options.bottommost_compression_opts.max_dict_buffer_bytes: 0
2022/11/05-15:22:58.936413 b8c0         Options.bottommost_compression_opts.use_zstd_dict_trainer: true
2022/11/05-15:22:58.936415 b8c0            Options.compression_opts.window_bits: -14
2022/11/05-15:22:58.936417 b8c0                  Options.compression_opts.level: 32767
2022/11/05-15:22:58.936421 b8c0               Options.compression_opts.strategy: 0
2022/11/05-15:22:58.936425 b8c0         Options.compression_opts.max_dict_bytes: 0
2022/11/05-15:22:58.936427 b8c0         Options.compression_opts.zstd_max_train_bytes: 0
2022/11/05-15:22:58.936429 b8c0         Options.compression_opts.use_zstd_dict_trainer: true
2022/11/05-15:22:58.936432 b8c0         Options.compression_opts.parallel_threads: 1
2022/11/05-15:22:58.936434 b8c0                  Options.compression_opts.enabled: false
2022/11/05-15:22:58.936436 b8c0         Options.compression_opts.max_dict_buffer_bytes: 0
2022/11/05-15:22:58.936439 b8c0      Options.level0_file_num_compaction_trigger: 4
2022/11/05-15:22:58.936441 b8c0          Options.level0_slowdown_writes_trigger: 20
2022/11/05-15:22:58.936443 b8c0              Options.level0_stop_writes_trigger: 36
2022/11/05-15:22:58.936445 b8c0                   Options.target_file_size_base: 67108864
2022/11/05-15:22:58.936448 b8c0             Options.target_file_size_multiplier: 1
2022/11/05-15:22:58.936450 b8c0                Options.max_bytes_for_level_base: 268435456
2022/11/05-15:22:58.936452 b8c0 Options.level_compaction_dynamic_level_bytes: 0
2022/11/05-15:22:58.936454 b8c0          Options.max_bytes_for_level_multiplier: 10.000000
2022/11/05-15:22:58.936458 b8c0 Options.max_bytes_for_level_multiplier_addtl[0]: 1
2022/11/05-15:22:58.936460 b8c0 Options.max_bytes_for_level_multiplier_addtl[1]: 1
2022/11/05-15:22:58.936463 b8c0 Options.max_bytes_for_level_multiplier_addtl[2]: 1
2022/11/05-15:22:58.936465 b8c0 Options.max_bytes_for_level_multiplier_addtl[3]: 1
2022/11/05-15:22:58.936467 b8c0 Options.max_bytes_for_level_multiplier_addtl[4]: 1
2022/11/05-15:22:58.936469 b8c0 Options.max_bytes_for_level_multiplier_addtl[5]: 1
2022/11/05-15:22:58.936471 b8c0 Options.max_bytes_for_level_multiplier_addtl[6]: 1
2022/11/05-15:22:58.936474 b8c0       Options.max_sequential_skip_in_iterations: 8
2022/11/05-15:22:58.936476 b8c0                    Options.max_compaction_bytes: 1677721600
2022/11/05-15:22:58.936478 b8c0                        Options.arena_block_size: 1048576
2022/11/05-15:22:58.936481 b8c0   Options.soft_pending_compaction_bytes_limit: 68719476736
2022/11/05-15:22:58.936483 b8c0   Options.hard_pending_compaction_bytes_limit: 274877906944
2022/11/05-15:22:58.936485 b8c0                Options.disable_auto_compactions: 0
2022/11/05-15:22:58.936488 b8c0                        Options.compaction_style: kCompactionStyleLevel
2022/11/05-15:22:58.936490 b8c0                          Options.compaction_pri: kMinOverlappingRatio
2022/11/05-15:22:58.936493 b8c0 Options.compaction_options_universal.size_ratio: 1
2022/11/05-15:22:58.936495 b8c0 Options.compaction_options_universal.min_merge_width: 2
2022/11/05-15:22:58.936497 b8c0 Options.compaction_options_universal.max_merge_width: 4294967295
2022/11/05-15:22:58.936500 b8c0 Options.compaction_options_universal.max_size_amplification_percent: 200
2022/11/05-15:22:58.936502 b8c0 Options.compaction_options_universal.compression_size_percent: -1
2022/11/05-15:22:58.936505 b8c0 Options.compaction_options_universal.stop_style: kCompactionStopStyleTotalSize
2022/11/05-15:22:58.936507 b8c0 Options.compaction_options_fifo.max_table_files_size: 1073741824
2022/11/05-15:22:58.936509 b8c0 Options.compaction_options_fifo.allow_compaction: 0
2022/11/05-15:22:58.936512 b8c0                   Options.table_properties_collectors: 
2022/11/05-15:22:58.936514 b8c0                   Options.inplace_update_support: 0
2022/11/05-15:22:58.936517 b8c0                 Options.inplace_update_num_locks: 10000
2022/11/05-15:22:58.936519 b8c0               Options.memtable_prefix_bloom_size_ratio: 0.000000
2022/11/05-15:22:58.936521 b8c0               Options.memtable_whole_key_filtering: 0
2022/11/05-15:22:58.936524 b8c0   Options.memtable_huge_page_size: 0
2022/11/05-15:22:58.936526 b8c0                           Options.bloom_locality: 0
2022/11/05-15:22:58.936528 b8c0                    Options.max_successive_merges: 0
2022/11/05-15:22:58.936530 b8c0                Options.optimize_filters_for_hits: 0
2022/11/05-15:22:58.936548 b8c0                Options.paranoid_file_checks: 0
2022/11/05-15:22:58.936551 b8c0                Options.force_consistency_checks: 1
2022/11/05-15:22:58.936553 b8c0                Options.report_bg_io_stats: 0
2022/11/05-15:22:58.936555 b8c0                               Options.ttl: 2592000
2022/11/05-15:22:58.936557 b8c0          Options.periodic_compaction_seconds: 0
2022/11/05-15:22:58.936560 b8c0  Options.preclude_last_level_data_seconds: 0
2022/11/05-15:22:58.936562 b8c0                       Options.enable_blob_files: false
2022/11/05-15:22:58.936564 b8c0                           Options.min_blob_size: 0
2022/11/05-15:22:58.936566 b8c0                          Options.blob_file_size: 268435456
2022/11/05-15:22:58.936569 b8c0                   Options.blob_compression_type: NoCompression
2022/11/05-15:22:58.936571 b8c0          Options.enable_blob_garbage_collection: false
2022/11/05-15:22:58.936573 b8c0      Options.blob_garbage_collection_age_cutoff: 0.250000
2022/11/05-15:22:58.936576 b8c0 Options.blob_garbage_collection_force_threshold: 1.000000
2022/11/05-15:22:58.936578 b8c0          Options.blob_compaction_readahead_size: 0
2022/11/05-15:22:58.936581 b8c0                Options.blob_file_starting_level: 0
2022/11/05-15:22:58.936583 b8c0 Options.experimental_mempurge_threshold: 0.000000
2022/11/05-15:22:58.936653 b8c0 [db\column_family.cc:633] --------------- Options for column family [Geek.Server.Server.ServerState]:
2022/11/05-15:22:58.936656 b8c0               Options.comparator: leveldb.BytewiseComparator
2022/11/05-15:22:58.936658 b8c0           Options.merge_operator: None
2022/11/05-15:22:58.936660 b8c0        Options.compaction_filter: None
2022/11/05-15:22:58.936662 b8c0        Options.compaction_filter_factory: None
2022/11/05-15:22:58.936664 b8c0  Options.sst_partitioner_factory: None
2022/11/05-15:22:58.936666 b8c0         Options.memtable_factory: SkipListFactory
2022/11/05-15:22:58.936668 b8c0            Options.table_factory: BlockBasedTable
2022/11/05-15:22:58.936691 b8c0            table_factory options:   flush_block_policy_factory: FlushBlockBySizePolicyFactory (00000262F2A1F160)
  cache_index_and_filter_blocks: 0
  cache_index_and_filter_blocks_with_high_priority: 1
  pin_l0_filter_and_index_blocks_in_cache: 0
  pin_top_level_index_and_filter: 1
  index_type: 0
  data_block_index_type: 0
  index_shortening: 1
  data_block_hash_table_util_ratio: 0.750000
  checksum: 1
  no_block_cache: 0
  block_cache: 00000262F0B805E0
  block_cache_name: LRUCache
  block_cache_options:
    capacity : 8388608
    num_shard_bits : 4
    strict_capacity_limit : 0
    memory_allocator : None
    high_pri_pool_ratio: 0.000
    low_pri_pool_ratio: 0.000
  block_cache_compressed: 0000000000000000
  persistent_cache: 0000000000000000
  block_size: 4096
  block_size_deviation: 10
  block_restart_interval: 16
  index_block_restart_interval: 1
  metadata_block_size: 4096
  partition_filters: 0
  use_delta_encoding: 1
  filter_policy: nullptr
  whole_key_filtering: 1
  verify_compression: 0
  read_amp_bytes_per_bit: 0
  format_version: 5
  enable_index_compression: 1
  block_align: 0
  max_auto_readahead_size: 262144
  prepopulate_block_cache: 0
  initial_auto_readahead_size: 8192
  num_file_reads_for_auto_readahead: 2
2022/11/05-15:22:58.936695 b8c0        Options.write_buffer_size: 67108864
2022/11/05-15:22:58.936697 b8c0  Options.max_write_buffer_number: 2
2022/11/05-15:22:58.936699 b8c0          Options.compression: Snappy
2022/11/05-15:22:58.936701 b8c0                  Options.bottommost_compression: Disabled
2022/11/05-15:22:58.936703 b8c0       Options.prefix_extractor: nullptr
2022/11/05-15:22:58.936705 b8c0   Options.memtable_insert_with_hint_prefix_extractor: nullptr
2022/11/05-15:22:58.936708 b8c0             Options.num_levels: 7
2022/11/05-15:22:58.936710 b8c0        Options.min_write_buffer_number_to_merge: 1
2022/11/05-15:22:58.936712 b8c0     Options.max_write_buffer_number_to_maintain: 0
2022/11/05-15:22:58.936714 b8c0     Options.max_write_buffer_size_to_maintain: 0
2022/11/05-15:22:58.936717 b8c0            Options.bottommost_compression_opts.window_bits: -14
2022/11/05-15:22:58.936720 b8c0                  Options.bottommost_compression_opts.level: 32767
2022/11/05-15:22:58.936722 b8c0               Options.bottommost_compression_opts.strategy: 0
2022/11/05-15:22:58.936724 b8c0         Options.bottommost_compression_opts.max_dict_bytes: 0
2022/11/05-15:22:58.936727 b8c0         Options.bottommost_compression_opts.zstd_max_train_bytes: 0
2022/11/05-15:22:58.936729 b8c0         Options.bottommost_compression_opts.parallel_threads: 1
2022/11/05-15:22:58.936732 b8c0                  Options.bottommost_compression_opts.enabled: false
2022/11/05-15:22:58.936734 b8c0         Options.bottommost_compression_opts.max_dict_buffer_bytes: 0
2022/11/05-15:22:58.936736 b8c0         Options.bottommost_compression_opts.use_zstd_dict_trainer: true
2022/11/05-15:22:58.936739 b8c0            Options.compression_opts.window_bits: -14
2022/11/05-15:22:58.936741 b8c0                  Options.compression_opts.level: 32767
2022/11/05-15:22:58.936743 b8c0               Options.compression_opts.strategy: 0
2022/11/05-15:22:58.936746 b8c0         Options.compression_opts.max_dict_bytes: 0
2022/11/05-15:22:58.936748 b8c0         Options.compression_opts.zstd_max_train_bytes: 0
2022/11/05-15:22:58.936750 b8c0         Options.compression_opts.use_zstd_dict_trainer: true
2022/11/05-15:22:58.936753 b8c0         Options.compression_opts.parallel_threads: 1
2022/11/05-15:22:58.936755 b8c0                  Options.compression_opts.enabled: false
2022/11/05-15:22:58.936757 b8c0         Options.compression_opts.max_dict_buffer_bytes: 0
2022/11/05-15:22:58.936759 b8c0      Options.level0_file_num_compaction_trigger: 4
2022/11/05-15:22:58.936762 b8c0          Options.level0_slowdown_writes_trigger: 20
2022/11/05-15:22:58.936764 b8c0              Options.level0_stop_writes_trigger: 36
2022/11/05-15:22:58.936766 b8c0                   Options.target_file_size_base: 67108864
2022/11/05-15:22:58.936768 b8c0             Options.target_file_size_multiplier: 1
2022/11/05-15:22:58.936771 b8c0                Options.max_bytes_for_level_base: 268435456
2022/11/05-15:22:58.936773 b8c0 Options.level_compaction_dynamic_level_bytes: 0
2022/11/05-15:22:58.936775 b8c0          Options.max_bytes_for_level_multiplier: 10.000000
2022/11/05-15:22:58.936778 b8c0 Options.max_bytes_for_level_multiplier_addtl[0]: 1
2022/11/05-15:22:58.936780 b8c0 Options.max_bytes_for_level_multiplier_addtl[1]: 1
2022/11/05-15:22:58.936782 b8c0 Options.max_bytes_for_level_multiplier_addtl[2]: 1
2022/11/05-15:22:58.936784 b8c0 Options.max_bytes_for_level_multiplier_addtl[3]: 1
2022/11/05-15:22:58.936787 b8c0 Options.max_bytes_for_level_multiplier_addtl[4]: 1
2022/11/05-15:22:58.936789 b8c0 Options.max_bytes_for_level_multiplier_addtl[5]: 1
2022/11/05-15:22:58.936791 b8c0 Options.max_bytes_for_level_multiplier_addtl[6]: 1
2022/11/05-15:22:58.936793 b8c0       Options.max_sequential_skip_in_iterations: 8
2022/11/05-15:22:58.936796 b8c0                    Options.max_compaction_bytes: 1677721600
2022/11/05-15:22:58.936798 b8c0                        Options.arena_block_size: 1048576
2022/11/05-15:22:58.936800 b8c0   Options.soft_pending_compaction_bytes_limit: 68719476736
2022/11/05-15:22:58.936803 b8c0   Options.hard_pending_compaction_bytes_limit: 274877906944
2022/11/05-15:22:58.936805 b8c0                Options.disable_auto_compactions: 0
2022/11/05-15:22:58.936807 b8c0                        Options.compaction_style: kCompactionStyleLevel
2022/11/05-15:22:58.936810 b8c0                          Options.compaction_pri: kMinOverlappingRatio
2022/11/05-15:22:58.936812 b8c0 Options.compaction_options_universal.size_ratio: 1
2022/11/05-15:22:58.936814 b8c0 Options.compaction_options_universal.min_merge_width: 2
2022/11/05-15:22:58.936816 b8c0 Options.compaction_options_universal.max_merge_width: 4294967295
2022/11/05-15:22:58.936819 b8c0 Options.compaction_options_universal.max_size_amplification_percent: 200
2022/11/05-15:22:58.936822 b8c0 Options.compaction_options_universal.compression_size_percent: -1
2022/11/05-15:22:58.936824 b8c0 Options.compaction_options_universal.stop_style: kCompactionStopStyleTotalSize
2022/11/05-15:22:58.936827 b8c0 Options.compaction_options_fifo.max_table_files_size: 1073741824
2022/11/05-15:22:58.936829 b8c0 Options.compaction_options_fifo.allow_compaction: 0
2022/11/05-15:22:58.936832 b8c0                   Options.table_properties_collectors: 
2022/11/05-15:22:58.936834 b8c0                   Options.inplace_update_support: 0
2022/11/05-15:22:58.936836 b8c0                 Options.inplace_update_num_locks: 10000
2022/11/05-15:22:58.936838 b8c0               Options.memtable_prefix_bloom_size_ratio: 0.000000
2022/11/05-15:22:58.936841 b8c0               Options.memtable_whole_key_filtering: 0
2022/11/05-15:22:58.936843 b8c0   Options.memtable_huge_page_size: 0
2022/11/05-15:22:58.936845 b8c0                           Options.bloom_locality: 0
2022/11/05-15:22:58.936847 b8c0                    Options.max_successive_merges: 0
2022/11/05-15:22:58.936850 b8c0                Options.optimize_filters_for_hits: 0
2022/11/05-15:22:58.936852 b8c0                Options.paranoid_file_checks: 0
2022/11/05-15:22:58.936854 b8c0                Options.force_consistency_checks: 1
2022/11/05-15:22:58.936856 b8c0                Options.report_bg_io_stats: 0
2022/11/05-15:22:58.936858 b8c0                               Options.ttl: 2592000
2022/11/05-15:22:58.936861 b8c0          Options.periodic_compaction_seconds: 0
2022/11/05-15:22:58.936863 b8c0  Options.preclude_last_level_data_seconds: 0
2022/11/05-15:22:58.936865 b8c0                       Options.enable_blob_files: false
2022/11/05-15:22:58.936867 b8c0                           Options.min_blob_size: 0
2022/11/05-15:22:58.936870 b8c0                          Options.blob_file_size: 268435456
2022/11/05-15:22:58.936872 b8c0                   Options.blob_compression_type: NoCompression
2022/11/05-15:22:58.936874 b8c0          Options.enable_blob_garbage_collection: false
2022/11/05-15:22:58.936876 b8c0      Options.blob_garbage_collection_age_cutoff: 0.250000
2022/11/05-15:22:58.936879 b8c0 Options.blob_garbage_collection_force_threshold: 1.000000
2022/11/05-15:22:58.936881 b8c0          Options.blob_compaction_readahead_size: 0
2022/11/05-15:22:58.936883 b8c0                Options.blob_file_starting_level: 0
2022/11/05-15:22:58.936885 b8c0 Options.experimental_mempurge_threshold: 0.000000
2022/11/05-15:22:58.936913 b8c0 [db\column_family.cc:633] --------------- Options for column family [Geek.Server.Login.PlayerInfo]:
2022/11/05-15:22:58.936915 b8c0               Options.comparator: leveldb.BytewiseComparator
2022/11/05-15:22:58.936918 b8c0           Options.merge_operator: None
2022/11/05-15:22:58.936920 b8c0        Options.compaction_filter: None
2022/11/05-15:22:58.936922 b8c0        Options.compaction_filter_factory: None
2022/11/05-15:22:58.936924 b8c0  Options.sst_partitioner_factory: None
2022/11/05-15:22:58.936926 b8c0         Options.memtable_factory: SkipListFactory
2022/11/05-15:22:58.936928 b8c0            Options.table_factory: BlockBasedTable
2022/11/05-15:22:58.936951 b8c0            table_factory options:   flush_block_policy_factory: FlushBlockBySizePolicyFactory (00000262F2A1FB20)
  cache_index_and_filter_blocks: 0
  cache_index_and_filter_blocks_with_high_priority: 1
  pin_l0_filter_and_index_blocks_in_cache: 0
  pin_top_level_index_and_filter: 1
  index_type: 0
  data_block_index_type: 0
  index_shortening: 1
  data_block_hash_table_util_ratio: 0.750000
  checksum: 1
  no_block_cache: 0
  block_cache: 00000262F0B80E20
  block_cache_name: LRUCache
  block_cache_options:
    capacity : 8388608
    num_shard_bits : 4
    strict_capacity_limit : 0
    memory_allocator : None
    high_pri_pool_ratio: 0.000
    low_pri_pool_ratio: 0.000
  block_cache_compressed: 0000000000000000
  persistent_cache: 0000000000000000
  block_size: 4096
  block_size_deviation: 10
  block_restart_interval: 16
  index_block_restart_interval: 1
  metadata_block_size: 4096
  partition_filters: 0
  use_delta_encoding: 1
  filter_policy: nullptr
  whole_key_filtering: 1
  verify_compression: 0
  read_amp_bytes_per_bit: 0
  format_version: 5
  enable_index_compression: 1
  block_align: 0
  max_auto_readahead_size: 262144
  prepopulate_block_cache: 0
  initial_auto_readahead_size: 8192
  num_file_reads_for_auto_readahead: 2
2022/11/05-15:22:58.936954 b8c0        Options.write_buffer_size: 67108864
2022/11/05-15:22:58.936957 b8c0  Options.max_write_buffer_number: 2
2022/11/05-15:22:58.936959 b8c0          Options.compression: Snappy
2022/11/05-15:22:58.936961 b8c0                  Options.bottommost_compression: Disabled
2022/11/05-15:22:58.936963 b8c0       Options.prefix_extractor: nullptr
2022/11/05-15:22:58.936965 b8c0   Options.memtable_insert_with_hint_prefix_extractor: nullptr
2022/11/05-15:22:58.936968 b8c0             Options.num_levels: 7
2022/11/05-15:22:58.936970 b8c0        Options.min_write_buffer_number_to_merge: 1
2022/11/05-15:22:58.936972 b8c0     Options.max_write_buffer_number_to_maintain: 0
2022/11/05-15:22:58.936974 b8c0     Options.max_write_buffer_size_to_maintain: 0
2022/11/05-15:22:58.936976 b8c0            Options.bottommost_compression_opts.window_bits: -14
2022/11/05-15:22:58.936978 b8c0                  Options.bottommost_compression_opts.level: 32767
2022/11/05-15:22:58.936981 b8c0               Options.bottommost_compression_opts.strategy: 0
2022/11/05-15:22:58.936983 b8c0         Options.bottommost_compression_opts.max_dict_bytes: 0
2022/11/05-15:22:58.936985 b8c0         Options.bottommost_compression_opts.zstd_max_train_bytes: 0
2022/11/05-15:22:58.936988 b8c0         Options.bottommost_compression_opts.parallel_threads: 1
2022/11/05-15:22:58.936990 b8c0                  Options.bottommost_compression_opts.enabled: false
2022/11/05-15:22:58.936992 b8c0         Options.bottommost_compression_opts.max_dict_buffer_bytes: 0
2022/11/05-15:22:58.936995 b8c0         Options.bottommost_compression_opts.use_zstd_dict_trainer: true
2022/11/05-15:22:58.936997 b8c0            Options.compression_opts.window_bits: -14
2022/11/05-15:22:58.936999 b8c0                  Options.compression_opts.level: 32767
2022/11/05-15:22:58.937002 b8c0               Options.compression_opts.strategy: 0
2022/11/05-15:22:58.937004 b8c0         Options.compression_opts.max_dict_bytes: 0
2022/11/05-15:22:58.937006 b8c0         Options.compression_opts.zstd_max_train_bytes: 0
2022/11/05-15:22:58.937008 b8c0         Options.compression_opts.use_zstd_dict_trainer: true
2022/11/05-15:22:58.937011 b8c0         Options.compression_opts.parallel_threads: 1
2022/11/05-15:22:58.937013 b8c0                  Options.compression_opts.enabled: false
2022/11/05-15:22:58.937015 b8c0         Options.compression_opts.max_dict_buffer_bytes: 0
2022/11/05-15:22:58.937017 b8c0      Options.level0_file_num_compaction_trigger: 4
2022/11/05-15:22:58.937019 b8c0          Options.level0_slowdown_writes_trigger: 20
2022/11/05-15:22:58.937022 b8c0              Options.level0_stop_writes_trigger: 36
2022/11/05-15:22:58.937024 b8c0                   Options.target_file_size_base: 67108864
2022/11/05-15:22:58.937026 b8c0             Options.target_file_size_multiplier: 1
2022/11/05-15:22:58.937028 b8c0                Options.max_bytes_for_level_base: 268435456
2022/11/05-15:22:58.937030 b8c0 Options.level_compaction_dynamic_level_bytes: 0
2022/11/05-15:22:58.937033 b8c0          Options.max_bytes_for_level_multiplier: 10.000000
2022/11/05-15:22:58.937035 b8c0 Options.max_bytes_for_level_multiplier_addtl[0]: 1
2022/11/05-15:22:58.937037 b8c0 Options.max_bytes_for_level_multiplier_addtl[1]: 1
2022/11/05-15:22:58.937040 b8c0 Options.max_bytes_for_level_multiplier_addtl[2]: 1
2022/11/05-15:22:58.937042 b8c0 Options.max_bytes_for_level_multiplier_addtl[3]: 1
2022/11/05-15:22:58.937044 b8c0 Options.max_bytes_for_level_multiplier_addtl[4]: 1
2022/11/05-15:22:58.937046 b8c0 Options.max_bytes_for_level_multiplier_addtl[5]: 1
2022/11/05-15:22:58.937048 b8c0 Options.max_bytes_for_level_multiplier_addtl[6]: 1
2022/11/05-15:22:58.937051 b8c0       Options.max_sequential_skip_in_iterations: 8
2022/11/05-15:22:58.937064 b8c0                    Options.max_compaction_bytes: 1677721600
2022/11/05-15:22:58.937067 b8c0                        Options.arena_block_size: 1048576
2022/11/05-15:22:58.937069 b8c0   Options.soft_pending_compaction_bytes_limit: 68719476736
2022/11/05-15:22:58.937071 b8c0   Options.hard_pending_compaction_bytes_limit: 274877906944
2022/11/05-15:22:58.937074 b8c0                Options.disable_auto_compactions: 0
2022/11/05-15:22:58.937076 b8c0                        Options.compaction_style: kCompactionStyleLevel
2022/11/05-15:22:58.937078 b8c0                          Options.compaction_pri: kMinOverlappingRatio
2022/11/05-15:22:58.937081 b8c0 Options.compaction_options_universal.size_ratio: 1
2022/11/05-15:22:58.937083 b8c0 Options.compaction_options_universal.min_merge_width: 2
2022/11/05-15:22:58.937085 b8c0 Options.compaction_options_universal.max_merge_width: 4294967295
2022/11/05-15:22:58.937087 b8c0 Options.compaction_options_universal.max_size_amplification_percent: 200
2022/11/05-15:22:58.937090 b8c0 Options.compaction_options_universal.compression_size_percent: -1
2022/11/05-15:22:58.937092 b8c0 Options.compaction_options_universal.stop_style: kCompactionStopStyleTotalSize
2022/11/05-15:22:58.937095 b8c0 Options.compaction_options_fifo.max_table_files_size: 1073741824
2022/11/05-15:22:58.937097 b8c0 Options.compaction_options_fifo.allow_compaction: 0
2022/11/05-15:22:58.937099 b8c0                   Options.table_properties_collectors: 
2022/11/05-15:22:58.937102 b8c0                   Options.inplace_update_support: 0
2022/11/05-15:22:58.937104 b8c0                 Options.inplace_update_num_locks: 10000
2022/11/05-15:22:58.937106 b8c0               Options.memtable_prefix_bloom_size_ratio: 0.000000
2022/11/05-15:22:58.937109 b8c0               Options.memtable_whole_key_filtering: 0
2022/11/05-15:22:58.937111 b8c0   Options.memtable_huge_page_size: 0
2022/11/05-15:22:58.937113 b8c0                           Options.bloom_locality: 0
2022/11/05-15:22:58.937115 b8c0                    Options.max_successive_merges: 0
2022/11/05-15:22:58.937118 b8c0                Options.optimize_filters_for_hits: 0
2022/11/05-15:22:58.937120 b8c0                Options.paranoid_file_checks: 0
2022/11/05-15:22:58.937122 b8c0                Options.force_consistency_checks: 1
2022/11/05-15:22:58.937124 b8c0                Options.report_bg_io_stats: 0
2022/11/05-15:22:58.937126 b8c0                               Options.ttl: 2592000
2022/11/05-15:22:58.937129 b8c0          Options.periodic_compaction_seconds: 0
2022/11/05-15:22:58.937131 b8c0  Options.preclude_last_level_data_seconds: 0
2022/11/05-15:22:58.937133 b8c0                       Options.enable_blob_files: false
2022/11/05-15:22:58.937135 b8c0                           Options.min_blob_size: 0
2022/11/05-15:22:58.937138 b8c0                          Options.blob_file_size: 268435456
2022/11/05-15:22:58.937140 b8c0                   Options.blob_compression_type: NoCompression
2022/11/05-15:22:58.937142 b8c0          Options.enable_blob_garbage_collection: false
2022/11/05-15:22:58.937144 b8c0      Options.blob_garbage_collection_age_cutoff: 0.250000
2022/11/05-15:22:58.937147 b8c0 Options.blob_garbage_collection_force_threshold: 1.000000
2022/11/05-15:22:58.937149 b8c0          Options.blob_compaction_readahead_size: 0
2022/11/05-15:22:58.937151 b8c0                Options.blob_file_starting_level: 0
2022/11/05-15:22:58.937154 b8c0 Options.experimental_mempurge_threshold: 0.000000
2022/11/05-15:22:58.938849 b8c0 [db\version_set.cc:5579] Recovered from manifest file:./gamedb/MANIFEST-000005 succeeded,manifest_file_number is 5, next_file_number is 15, last_sequence is 1, log_number is 12,prev_log_number is 0,max_column_family is 2,min_log_number_to_keep is 12
2022/11/05-15:22:58.938859 b8c0 [db\version_set.cc:5588] Column family [default] (ID 0), log number is 0
2022/11/05-15:22:58.938861 b8c0 [db\version_set.cc:5588] Column family [Geek.Server.Server.ServerState] (ID 1), log number is 12
2022/11/05-15:22:58.938866 b8c0 [db\version_set.cc:5588] Column family [Geek.Server.Login.PlayerInfo] (ID 2), log number is 4
2022/11/05-15:22:58.939012 b8c0 [db\db_impl\db_impl_open.cc:529] DB ID: a55519ab-5cda-11ed-9707-581122a414bb
2022/11/05-15:22:58.939626 b8c0 EVENT_LOG_v1 {"time_micros": 1667632978939614, "job": 1, "event": "recovery_started", "wal_files": [12]}
2022/11/05-15:22:58.939631 b8c0 [db\db_impl\db_impl_open.cc:1029] Recovering log #12 mode 2
2022/11/05-15:22:58.962187 b8c0 EVENT_LOG_v1 {"time_micros": 1667632978962181, "job": 1, "event": "recovery_finished"}
2022/11/05-15:22:58.962482 b8c0 [db\version_set.cc:5051] Creating manifest 17
2022/11/05-15:22:59.001784 b8c0 [db\db_impl\db_impl_open.cc:1985] SstFileManager instance 00000262F35F6A60
2022/11/05-15:22:59.002075 b8c0 DB pointer 00000262F35F4F80
2022/11/05-15:22:59.002591 d360 [db\db_impl\db_impl.cc:1101] ------- DUMPING STATS -------
2022/11/05-15:22:59.002611 d360 [db\db_impl\db_impl.cc:1102] 
** DB Stats **
Uptime(secs): 0.1 total, 0.1 interval
Cumulative writes: 0 writes, 0 keys, 0 commit groups, 0.0 writes per commit group, ingest: 0.00 GB, 0.00 MB/s
Cumulative WAL: 0 writes, 0 syncs, 0.00 writes per sync, written: 0.00 GB, 0.00 MB/s
Cumulative stall: 00:00:0.000 H:M:S, 0.0 percent
Interval writes: 0 writes, 0 keys, 0 commit groups, 0.0 writes per commit group, ingest: 0.00 MB, 0.00 MB/s
Interval WAL: 0 writes, 0 syncs, 0.00 writes per sync, written: 0.00 GB, 0.00 MB/s
Interval stall: 00:00:0.000 H:M:S, 0.0 percent

** Compaction Stats [default] **
Level    Files   Size     Score Read(GB)  Rn(GB) Rnp1(GB) Write(GB) Wnew(GB) Moved(GB) W-Amp Rd(MB/s) Wr(MB/s) Comp(sec) CompMergeCPU(sec) Comp(cnt) Avg(sec) KeyIn KeyDrop Rblob(GB) Wblob(GB)
------------------------------------------------------------------------------------------------------------------------------------------------------------------------------------------------
 Sum      0/0    0.00 KB   0.0      0.0     0.0      0.0       0.0      0.0       0.0   0.0      0.0      0.0      0.00              0.00         0    0.000       0      0       0.0       0.0
 Int      0/0    0.00 KB   0.0      0.0     0.0      0.0       0.0      0.0       0.0   0.0      0.0      0.0      0.00              0.00         0    0.000       0      0       0.0       0.0

** Compaction Stats [default] **
Priority    Files   Size     Score Read(GB)  Rn(GB) Rnp1(GB) Write(GB) Wnew(GB) Moved(GB) W-Amp Rd(MB/s) Wr(MB/s) Comp(sec) CompMergeCPU(sec) Comp(cnt) Avg(sec) KeyIn KeyDrop Rblob(GB) Wblob(GB)
---------------------------------------------------------------------------------------------------------------------------------------------------------------------------------------------------

Blob file count: 0, total size: 0.0 GB, garbage size: 0.0 GB, space amp: 0.0

Uptime(secs): 0.1 total, 0.1 interval
Flush(GB): cumulative 0.000, interval 0.000
AddFile(GB): cumulative 0.000, interval 0.000
AddFile(Total Files): cumulative 0, interval 0
AddFile(L0 Files): cumulative 0, interval 0
AddFile(Keys): cumulative 0, interval 0
